419 410 404 388 365 346 327 312 305 293 278 268 253 238 222 214 197 174 104 76 15
465 456 444 407 390 375 367 357 348 332 308 288 277 251
463 457 439 425 414 382 364 328 309 299 287 253 238 222 214 197 174 104 76 15
475 447 423 376 359 344 334 290
437 423 376 359 344 334 290
471 446 430 408 392 377 341 313 270 242 204 159 107
468 457 439 425 414 382 364 328 309 299 287 253 238 222 214 197 174 104 76 15
469 463 457 439 425 414 382 364 328 309 299 287 253 238 222 214 197 174 104 76 15
473 448 432 406 384 368 350 325 306 278 268 253 238 222 214 197 174 104 76 15
472 426 393 341 313 270 242 204 159 107
533 522 501 483 468 457 439 425 414 382 364 328 309 299 287 253 238 222 214 197 174 104 76 15
474 460 419 410 404 388 365 346 327 312 305 293 278 268 253 238 222 214 197 174 104 76 15
470 449 433 415 403 387 370 334 290 266
530 515 491 471 446 430 408 392 377 341 313 270 242 204 159 107
523 514 475 447 423 376 359 344 334 290
534 524 504 464 445
508 504
531 527 516 505 485 466 446
529 519 509 503 481 474 460 419
536 528 521 510 502 494 472
525 518 507 489 469 463 457 439 425 414 382 364 328 309 299 287 253 238 222 214 197 174 104 76 15
520 484
512 484
532 526 511 496
490 470 449 433
517 490
535 490
500 473
469 463
305 293 278
342 293 278